//Exported ASCII-File
[Header]
FileName = C:\Users\reoml\Desktop\Mestrado\mapa raman\Mapa Raman_GO e rGO.WIP
ImageName = Scan_002_Spec.Data 1_F: Min & Max -> Maximum [2817.5 rel. 1/cm -> 3043 rel. 1/cm]
PointsPerLine = 61
LinesPerImage = 61
ScanUnit = µm
ScanWidth = 30
ScanHeight = 30
ScanOriginX = -9.24899959564209
ScanOriginY = 4.88899993896484
ScanOriginZ = 0
DataUnit = CCD cts
[Data]
 4.28581E+01	 3.85904E+01	 5.02281E+01	 4.88279E+01	 5.46885E+01	 5.04649E+01	 4.99079E+01	 4.52513E+01	 3.78685E+01	 3.89076E+01	 3.76688E+01	 3.39208E+01	 3.43726E+01	 3.60481E+01	 3.59188E+01	 3.67038E+01	 4.46926E+01	 4.48245E+01	 3.75833E+01	 4.08508E+01	 4.05000E+01	 3.29298E+01	 3.38640E+01	 3.88465E+01	 4.37962E+01	 3.75000E+01	 3.58928E+01	 3.65965E+01	 3.91513E+01	 4.58726E+01	 4.58188E+01	 5.11047E+01	 5.19781E+01	 4.07511E+01	 3.87684E+01	 4.80614E+01	 6.14538E+01	 4.71576E+01	 4.79745E+01	 3.56503E+01	 3.99655E+01	 3.39298E+01	 3.26386E+01	 3.57481E+01	 3.86550E+01	 3.58252E+01	 3.23424E+01	 4.10812E+01	 3.25127E+01	 3.94254E+01	 4.53091E+01	 4.10000E+01	 3.96754E+01	 4.17456E+01	 3.78788E+01	 3.74208E+01	 3.18137E+01	 3.67240E+01	 4.21535E+01	 3.79732E+01	 4.23728E+01
 4.00939E+01	 4.29489E+01	 4.63665E+01	 4.83464E+01	 4.93026E+01	 4.31222E+01	 3.70386E+01	 3.87388E+01	 3.59517E+01	 3.43946E+01	 3.47456E+01	 3.30523E+01	 3.16411E+01	 2.83860E+01	 3.04956E+01	 3.24295E+01	 4.59076E+01	 4.59426E+01	 4.90987E+01	 4.22101E+01	 4.11688E+01	 3.47939E+01	 3.43815E+01	 3.46688E+01	 3.17962E+01	 3.24035E+01	 3.77711E+01	 4.24737E+01	 4.10131E+01	 4.79839E+01	 3.95517E+01	 4.38050E+01	 4.77711E+01	 4.10539E+01	 3.63713E+01	 4.28973E+01	 5.32368E+01	 4.51715E+01	 4.37493E+01	 3.76863E+01	 3.75439E+01	 3.74079E+01	 3.33860E+01	 3.15219E+01	 3.17847E+01	 3.58726E+01	 3.17038E+01	 2.98137E+01	 3.08025E+01	 3.45170E+01	 3.44956E+01	 3.31695E+01	 3.47237E+01	 3.20085E+01	 2.91851E+01	 3.04713E+01	 3.10359E+01	 3.65953E+01	 5.09013E+01	 4.00624E+01	 4.16178E+01
 3.27108E+01	 3.38581E+01	 4.03289E+01	 3.90131E+01	 3.63770E+01	 3.76154E+01	 3.70570E+01	 3.92851E+01	 3.70063E+01	 3.69517E+01	 3.47017E+01	 3.13163E+01	 3.39819E+01	 3.18596E+01	 3.29026E+01	 3.28665E+01	 4.26050E+01	 4.10700E+01	 4.04888E+01	 3.99868E+01	 3.91633E+01	 3.86844E+01	 3.24936E+01	 3.61576E+01	 3.71226E+01	 3.11162E+01	 2.92850E+01	 3.16407E+01	 3.89254E+01	 4.06114E+01	 3.85939E+01	 4.30614E+01	 4.05350E+01	 3.74642E+01	 3.47866E+01	 4.50512E+01	 4.53261E+01	 4.41359E+01	 4.46386E+01	 3.99489E+01	 4.17587E+01	 4.36754E+01	 3.95877E+01	 3.19473E+01	 2.98279E+01	 2.98973E+01	 3.24912E+01	 3.64737E+01	 3.64013E+01	 3.10947E+01	 2.96293E+01	 2.96293E+01	 3.47762E+01	 3.33154E+01	 3.22237E+01	 3.41360E+01	 4.21162E+01	 4.35351E+01	 4.55131E+01	 3.99910E+01	 4.72763E+01
 3.55351E+01	 3.79166E+01	 4.03070E+01	 3.55536E+01	 3.09978E+01	 3.41581E+01	 3.76491E+01	 3.82509E+01	 3.62436E+01	 3.62962E+01	 3.51272E+01	 3.73375E+01	 4.09013E+01	 3.84888E+01	 3.54982E+01	 3.55238E+01	 4.58614E+01	 4.64601E+01	 3.67546E+01	 3.08952E+01	 3.70462E+01	 4.16226E+01	 4.90131E+01	 5.08728E+01	 3.89871E+01	 3.16404E+01	 3.05483E+01	 3.53705E+01	 3.90413E+01	 4.09776E+01	 4.01900E+01	 3.68377E+01	 3.85063E+01	 3.65766E+01	 4.05789E+01	 4.42807E+01	 4.25700E+01	 3.47416E+01	 3.21596E+01	 3.17232E+01	 3.11710E+01	 3.60939E+01	 3.56401E+01	 3.67011E+01	 3.84076E+01	 3.66040E+01	 2.96900E+01	 2.90877E+01	 2.71990E+01	 2.96623E+01	 3.17213E+01	 2.64989E+01	 2.62362E+01	 3.15812E+01	 3.47766E+01	 3.54105E+01	 4.18144E+01	 5.17202E+01	 4.36386E+01	 3.92895E+01	 3.64035E+01
 4.30263E+01	 4.45641E+01	 4.37242E+01	 4.68991E+01	 4.50238E+01	 4.27213E+01	 4.02229E+01	 3.74035E+01	 3.80175E+01	 3.63640E+01	 3.40263E+01	 3.94991E+01	 4.29902E+01	 4.34902E+01	 4.30789E+01	 3.94969E+01	 4.10364E+01	 4.17895E+01	 3.92436E+01	 3.43367E+01	 3.46040E+01	 3.79076E+01	 4.10238E+01	 3.80833E+01	 3.79737E+01	 3.25175E+01	 3.20787E+01	 4.35087E+01	 4.05307E+01	 3.29693E+01	 3.56316E+01	 4.08991E+01	 3.69487E+01	 3.48163E+01	 3.98817E+01	 3.99480E+01	 3.97478E+01	 3.99993E+01	 3.11640E+01	 2.99996E+01	 3.06863E+01	 3.25858E+01	 3.52039E+01	 3.28114E+01	 3.34035E+01	 3.39729E+01	 3.13839E+01	 2.87585E+01	 2.78091E+01	 2.66360E+01	 3.24076E+01	 3.62451E+01	 3.50243E+01	 3.32276E+01	 3.55131E+01	 3.97675E+01	 4.54693E+01	 4.37967E+01	 3.51851E+01	 3.46183E+01	 3.54908E+01
 3.91464E+01	 4.02351E+01	 4.02164E+01	 4.85301E+01	 4.44201E+01	 4.28128E+01	 4.78266E+01	 4.22048E+01	 3.40753E+01	 3.34035E+01	 3.75439E+01	 4.04607E+01	 4.86178E+01	 4.60715E+01	 4.27412E+01	 3.87213E+01	 4.12224E+01	 4.65904E+01	 4.44538E+01	 4.43158E+01	 3.66096E+01	 3.60398E+01	 3.43729E+01	 3.39984E+01	 3.60395E+01	 4.19778E+01	 3.53200E+01	 3.45700E+01	 3.61780E+01	 3.46387E+01	 3.67872E+01	 3.92474E+01	 3.59488E+01	 3.71777E+01	 4.19770E+01	 3.36181E+01	 3.58088E+01	 3.03439E+01	 3.63524E+01	 3.40843E+01	 3.26229E+01	 3.41040E+01	 3.18540E+01	 3.43263E+01	 3.99076E+01	 3.43543E+01	 3.69908E+01	 3.25000E+01	 3.23158E+01	 3.36868E+01	 3.90753E+01	 3.52017E+01	 3.94816E+01	 4.15628E+01	 3.81240E+01	 3.92487E+01	 4.61145E+01	 4.49398E+01	 3.99868E+01	 3.63772E+01	 3.33772E+01
 3.77236E+01	 3.63940E+01	 3.73272E+01	 4.36989E+01	 4.11807E+01	 4.39868E+01	 3.99365E+01	 4.16114E+01	 3.52500E+01	 3.76245E+01	 3.53627E+01	 3.13453E+01	 5.30827E+01	 5.30848E+01	 3.78253E+01	 4.07039E+01	 4.06576E+01	 3.99915E+01	 3.54309E+01	 3.89669E+01	 3.47131E+01	 3.38753E+01	 4.03163E+01	 4.06900E+01	 3.91452E+01	 4.38072E+01	 4.03838E+01	 3.38552E+01	 3.43678E+01	 4.14251E+01	 3.89195E+01	 3.58946E+01	 3.66813E+01	 3.65937E+01	 3.39824E+01	 3.72805E+01	 3.42350E+01	 2.88518E+01	 2.96315E+01	 3.21863E+01	 3.31395E+01	 3.45106E+01	 3.03144E+01	 3.80636E+01	 3.67085E+01	 3.40446E+01	 3.36314E+01	 3.96411E+01	 4.36625E+01	 4.05011E+01	 3.58533E+01	 4.93742E+01	 4.41114E+01	 3.90877E+01	 3.98589E+01	 3.34824E+01	 4.05476E+01	 3.86114E+01	 3.98543E+01	 3.91245E+01	 3.31963E+01
 5.10106E+01	 4.23671E+01	 3.78614E+01	 4.29585E+01	 4.33612E+01	 3.98727E+01	 3.71566E+01	 3.46987E+01	 4.33327E+01	 4.41356E+01	 4.86901E+01	 4.44669E+01	 5.55482E+01	 4.88789E+01	 4.36687E+01	 3.55063E+01	 3.55871E+01	 3.80779E+01	 4.36145E+01	 3.60467E+01	 3.54862E+01	 3.60297E+01	 3.71235E+01	 3.81235E+01	 4.27670E+01	 3.86855E+01	 3.31579E+01	 3.26688E+01	 3.58550E+01	 4.63614E+01	 3.88916E+01	 3.91382E+01	 3.85904E+01	 3.87131E+01	 4.36908E+01	 3.83190E+01	 3.84978E+01	 3.28358E+01	 3.12563E+01	 3.08154E+01	 3.11423E+01	 3.70121E+01	 3.89111E+01	 3.44291E+01	 3.11885E+01	 3.50000E+01	 3.62982E+01	 3.68814E+01	 5.27229E+01	 4.42316E+01	 4.42420E+01	 3.62172E+01	 4.21140E+01	 3.65467E+01	 3.79656E+01	 3.90314E+01	 4.31646E+01	 3.94664E+01	 3.49251E+01	 4.07673E+01	 3.34123E+01
 3.77626E+01	 4.00476E+01	 3.92339E+01	 4.32542E+01	 4.16710E+01	 3.80509E+01	 3.89251E+01	 3.63901E+01	 4.17131E+01	 4.53565E+01	 4.38585E+01	 3.45937E+01	 3.73815E+01	 3.56047E+01	 3.73202E+01	 3.00750E+01	 3.25212E+01	 3.39725E+01	 4.26558E+01	 4.23072E+01	 3.66433E+01	 3.64016E+01	 3.68926E+01	 3.99725E+01	 4.23253E+01	 3.68174E+01	 3.25000E+01	 3.37471E+01	 3.40654E+01	 4.17085E+01	 3.83497E+01	 5.03404E+01	 3.90934E+01	 4.04840E+01	 4.35332E+01	 4.25994E+01	 4.32471E+01	 3.07362E+01	 2.74470E+01	 2.95393E+01	 3.31356E+01	 3.52259E+01	 3.73645E+01	 3.40525E+01	 3.10658E+01	 3.15997E+01	 4.16961E+01	 3.88156E+01	 4.94332E+01	 3.71453E+01	 3.41450E+01	 3.02760E+01	 3.65007E+01	 3.85572E+01	 3.41339E+01	 4.38464E+01	 5.23915E+01	 3.91387E+01	 3.09195E+01	 2.97546E+01	 3.16503E+01
 3.19107E+01	 3.18814E+01	 3.47373E+01	 2.92129E+01	 3.42139E+01	 3.91653E+01	 4.12924E+01	 3.53253E+01	 4.29192E+01	 4.51820E+01	 3.71865E+01	 3.58678E+01	 2.98563E+01	 3.48404E+01	 3.73009E+01	 2.72451E+01	 2.80106E+01	 3.33552E+01	 4.10063E+01	 4.45000E+01	 3.67712E+01	 3.77198E+01	 3.73754E+01	 3.79251E+01	 3.52851E+01	 3.93154E+01	 3.27232E+01	 3.74153E+01	 2.80520E+01	 3.40255E+01	 3.82048E+01	 4.40916E+01	 4.43374E+01	 4.34594E+01	 3.70536E+01	 4.36315E+01	 4.38502E+01	 2.60875E+01	 2.99157E+01	 3.11398E+01	 2.92213E+01	 3.31738E+01	 3.11640E+01	 3.35753E+01	 2.82760E+01	 3.11360E+01	 3.88020E+01	 4.43253E+01	 3.56116E+01	 4.16823E+01	 3.79201E+01	 4.15766E+01	 3.92440E+01	 3.78026E+01	 3.73540E+01	 3.67593E+01	 3.34543E+01	 3.38886E+01	 3.39016E+01	 3.76380E+01	 3.43554E+01
 3.44827E+01	 3.19910E+01	 3.62281E+01	 3.55350E+01	 3.51743E+01	 4.38193E+01	 3.29956E+01	 3.40916E+01	 3.95124E+01	 4.31171E+01	 4.44940E+01	 3.41687E+01	 3.29539E+01	 3.62982E+01	 3.49153E+01	 3.40255E+01	 3.75255E+01	 3.95648E+01	 4.46054E+01	 4.28051E+01	 4.20764E+01	 3.75520E+01	 4.00482E+01	 3.77892E+01	 3.04026E+01	 3.17048E+01	 3.80517E+01	 3.71950E+01	 3.56993E+01	 3.68312E+01	 3.33772E+01	 3.17482E+01	 3.46040E+01	 3.66213E+01	 3.69649E+01	 3.97817E+01	 3.63986E+01	 2.87738E+01	 2.58032E+01	 2.78726E+01	 2.71052E+01	 2.99985E+01	 3.17762E+01	 3.40753E+01	 4.07590E+01	 3.28348E+01	 4.14217E+01	 4.00397E+01	 4.26901E+01	 3.91684E+01	 4.24965E+01	 3.99342E+01	 3.80263E+01	 3.57839E+01	 3.99792E+01	 3.90392E+01	 4.22621E+01	 3.69601E+01	 3.47276E+01	 3.77101E+01	 3.49280E+01
 4.10812E+01	 3.63589E+01	 3.28193E+01	 3.74140E+01	 3.71987E+01	 3.09251E+01	 3.30843E+01	 2.96491E+01	 3.11491E+01	 3.68519E+01	 4.04747E+01	 3.51386E+01	 3.84064E+01	 3.91289E+01	 3.47839E+01	 3.55439E+01	 3.34548E+01	 3.76688E+01	 3.80628E+01	 3.91532E+01	 3.94974E+01	 3.47478E+01	 3.46738E+01	 3.59458E+01	 3.33524E+01	 2.91416E+01	 2.89493E+01	 3.73404E+01	 3.99355E+01	 3.90827E+01	 3.14776E+01	 3.27738E+01	 3.34463E+01	 3.82807E+01	 3.60211E+01	 2.89064E+01	 2.97617E+01	 2.67444E+01	 2.92017E+01	 2.79363E+01	 2.73817E+01	 3.85276E+01	 3.60276E+01	 3.15520E+01	 3.22276E+01	 3.67368E+01	 3.64280E+01	 3.89535E+01	 3.77967E+01	 3.81695E+01	 3.94579E+01	 3.90570E+01	 4.50127E+01	 4.15679E+01	 4.89447E+01	 4.01809E+01	 4.55180E+01	 3.58508E+01	 3.53409E+01	 3.07232E+01	 3.37101E+01
 3.73554E+01	 3.85121E+01	 3.72797E+01	 3.44989E+01	 3.57491E+01	 3.41958E+01	 3.27224E+01	 3.04660E+01	 2.99984E+01	 3.54070E+01	 3.68082E+01	 3.57851E+01	 3.56950E+01	 3.31325E+01	 3.00386E+01	 3.47493E+01	 3.47048E+01	 3.63886E+01	 4.23880E+01	 4.09573E+01	 3.74006E+01	 3.53434E+01	 3.18487E+01	 3.10297E+01	 3.31692E+01	 3.07231E+01	 3.41446E+01	 3.91135E+01	 3.93312E+01	 3.57085E+01	 3.34277E+01	 3.39060E+01	 3.62853E+01	 3.34309E+01	 3.32035E+01	 3.35480E+01	 3.28726E+01	 3.12892E+01	 3.04487E+01	 2.84313E+01	 2.87270E+01	 3.34862E+01	 3.49298E+01	 3.30877E+01	 3.16708E+01	 3.10875E+01	 3.79006E+01	 4.10006E+01	 4.05764E+01	 4.23009E+01	 4.17853E+01	 3.98502E+01	 3.85301E+01	 3.88193E+01	 3.86226E+01	 3.99363E+01	 3.75170E+01	 3.27847E+01	 3.13524E+01	 3.14548E+01	 2.97898E+01
 3.82593E+01	 3.85266E+01	 3.65721E+01	 4.45636E+01	 4.30648E+01	 3.40916E+01	 3.31727E+01	 3.81993E+01	 4.00509E+01	 3.84620E+01	 3.97035E+01	 3.19980E+01	 3.06325E+01	 3.11464E+01	 3.16440E+01	 3.04912E+01	 2.67675E+01	 3.09677E+01	 3.24995E+01	 4.11319E+01	 4.62177E+01	 3.84631E+01	 3.46695E+01	 3.55572E+01	 3.65482E+01	 3.57333E+01	 3.38193E+01	 3.07202E+01	 3.26145E+01	 3.31309E+01	 3.42847E+01	 3.39991E+01	 3.51751E+01	 3.20301E+01	 3.89487E+01	 3.64313E+01	 3.71926E+01	 3.51289E+01	 3.16901E+01	 2.83434E+01	 2.57585E+01	 2.82498E+01	 2.96186E+01	 2.90087E+01	 2.91401E+01	 3.22485E+01	 3.17237E+01	 4.13880E+01	 4.49639E+01	 4.56780E+01	 4.22834E+01	 4.01222E+01	 3.55131E+01	 3.53946E+01	 3.65131E+01	 3.67587E+01	 3.50175E+01	 3.52456E+01	 3.20262E+01	 3.46314E+01	 3.60297E+01
 3.88174E+01	 4.58017E+01	 3.54385E+01	 3.69385E+01	 3.65126E+01	 3.61639E+01	 3.85382E+01	 3.53221E+01	 3.37967E+01	 3.23736E+01	 3.81663E+01	 3.38825E+01	 3.50933E+01	 3.40848E+01	 2.96235E+01	 3.12807E+01	 3.07493E+01	 3.23731E+01	 3.34070E+01	 3.12247E+01	 3.20520E+01	 3.14458E+01	 3.90909E+01	 3.95654E+01	 3.39538E+01	 3.36506E+01	 3.24850E+01	 3.52149E+01	 3.24985E+01	 3.63654E+01	 3.94323E+01	 3.62333E+01	 3.40440E+01	 3.89233E+01	 3.33280E+01	 3.55594E+01	 3.26054E+01	 2.85266E+01	 3.42420E+01	 3.66653E+01	 2.94639E+01	 3.48795E+01	 3.11253E+01	 3.03285E+01	 3.11047E+01	 3.73193E+01	 3.92631E+01	 4.14201E+01	 4.31578E+01	 5.39032E+01	 4.74960E+01	 4.40674E+01	 3.94702E+01	 3.36958E+01	 3.09251E+01	 3.22675E+01	 3.76446E+01	 4.22149E+01	 4.34251E+01	 3.49426E+01	 3.60174E+01
 3.72247E+01	 3.84201E+01	 3.83433E+01	 3.51560E+01	 4.29488E+01	 3.39053E+01	 3.37500E+01	 3.85271E+01	 3.87760E+01	 3.55950E+01	 3.92801E+01	 3.82101E+01	 3.67276E+01	 3.60006E+01	 3.36506E+01	 3.69850E+01	 2.92193E+01	 3.62193E+01	 3.51047E+01	 3.23940E+01	 3.17038E+01	 3.51526E+01	 3.85785E+01	 3.44070E+01	 3.07480E+01	 3.31526E+01	 3.48072E+01	 4.14985E+01	 3.81777E+01	 3.54724E+01	 3.70785E+01	 3.54724E+01	 4.44217E+01	 3.71213E+01	 3.28490E+01	 3.34307E+01	 3.09432E+01	 3.46958E+01	 3.38916E+01	 3.24208E+01	 3.15753E+01	 3.10000E+01	 3.40042E+01	 3.94187E+01	 4.50613E+01	 4.35873E+01	 5.19064E+01	 4.80873E+01	 5.74488E+01	 5.26624E+01	 4.56386E+01	 4.44660E+01	 3.79447E+01	 3.33789E+01	 3.81958E+01	 3.81295E+01	 3.21473E+01	 4.53026E+01	 3.71754E+01	 3.86901E+01	 3.66096E+01
 3.33999E+01	 3.95305E+01	 3.87036E+01	 4.19408E+01	 3.97247E+01	 3.46236E+01	 3.36043E+01	 3.74987E+01	 3.45766E+01	 4.09201E+01	 4.00909E+01	 3.66127E+01	 3.32839E+01	 3.08550E+01	 3.22839E+01	 3.57892E+01	 3.46653E+01	 3.14365E+01	 3.93940E+01	 3.17627E+01	 2.85843E+01	 3.64577E+01	 3.35867E+01	 3.50419E+01	 3.50167E+01	 3.73009E+01	 3.38009E+01	 3.72232E+01	 3.97712E+01	 4.25607E+01	 3.08377E+01	 5.12440E+01	 4.73627E+01	 4.86908E+01	 4.11175E+01	 3.43355E+01	 3.38540E+01	 3.61135E+01	 3.26813E+01	 2.92362E+01	 2.81993E+01	 2.96596E+01	 3.11754E+01	 3.49550E+01	 5.66040E+01	 4.67206E+01	 4.69983E+01	 5.44789E+01	 5.65006E+01	 4.98986E+01	 4.39824E+01	 4.77368E+01	 4.56640E+01	 4.10127E+01	 4.22967E+01	 3.57425E+01	 3.54217E+01	 3.62173E+01	 4.65386E+01	 3.56973E+01	 4.27760E+01
 3.49146E+01	 3.84406E+01	 3.68348E+01	 3.81018E+01	 3.94368E+01	 2.77542E+01	 2.70753E+01	 3.25350E+01	 3.49538E+01	 4.84026E+01	 3.69313E+01	 3.56300E+01	 3.13540E+01	 3.74747E+01	 3.29365E+01	 3.83713E+01	 3.32762E+01	 2.65803E+01	 2.78736E+01	 3.22933E+01	 3.49053E+01	 2.80135E+01	 3.19400E+01	 3.55848E+01	 4.58009E+01	 4.31356E+01	 4.14447E+01	 4.49401E+01	 3.83940E+01	 3.95536E+01	 4.12356E+01	 4.34294E+01	 3.95131E+01	 3.91090E+01	 4.54819E+01	 3.02129E+01	 3.20042E+01	 2.97797E+01	 3.44936E+01	 3.11303E+01	 3.41837E+01	 3.42587E+01	 3.33434E+01	 4.17319E+01	 3.98540E+01	 4.17487E+01	 4.06302E+01	 3.76653E+01	 4.24753E+01	 3.97741E+01	 3.44398E+01	 3.49107E+01	 4.26809E+01	 4.51687E+01	 3.60719E+01	 3.87079E+01	 3.93453E+01	 4.30827E+01	 5.35305E+01	 4.39993E+01	 4.06813E+01
 4.03671E+01	 4.16570E+01	 4.17801E+01	 3.40950E+01	 3.67924E+01	 3.25212E+01	 3.05644E+01	 3.22153E+01	 4.18547E+01	 3.91416E+01	 3.53306E+01	 3.92680E+01	 3.83540E+01	 3.46640E+01	 3.79192E+01	 3.58051E+01	 3.07563E+01	 3.28253E+01	 3.40913E+01	 3.38967E+01	 3.54400E+01	 3.26300E+01	 3.21398E+01	 3.70997E+01	 3.79770E+01	 4.22101E+01	 4.48174E+01	 4.40960E+01	 4.01171E+01	 3.49096E+01	 3.94332E+01	 4.26447E+01	 3.90238E+01	 3.86947E+01	 3.39201E+01	 2.74251E+01	 2.75255E+01	 2.77768E+01	 3.28423E+01	 3.21033E+01	 3.23742E+01	 3.54991E+01	 3.92493E+01	 3.90255E+01	 3.76865E+01	 3.85867E+01	 3.52362E+01	 3.12673E+01	 3.43020E+01	 3.96868E+01	 3.16211E+01	 3.21777E+01	 3.43532E+01	 3.32440E+01	 3.40392E+01	 3.64298E+01	 3.69227E+01	 3.33540E+01	 3.47195E+01	 4.02163E+01	 3.69400E+01
 3.42478E+01	 3.34850E+01	 3.39463E+01	 3.35467E+01	 3.15175E+01	 3.39729E+01	 3.53745E+01	 3.57480E+01	 2.91444E+01	 3.18645E+01	 3.16576E+01	 3.06309E+01	 3.04759E+01	 3.39601E+01	 3.25181E+01	 3.52316E+01	 3.33082E+01	 3.36257E+01	 3.65997E+01	 3.08684E+01	 3.69123E+01	 3.28453E+01	 3.30607E+01	 3.23880E+01	 3.22410E+01	 3.87451E+01	 4.27087E+01	 3.87465E+01	 3.71040E+01	 3.17933E+01	 3.27436E+01	 3.42229E+01	 3.65255E+01	 3.40127E+01	 3.15339E+01	 3.25173E+01	 2.91467E+01	 2.76380E+01	 3.15785E+01	 2.99227E+01	 2.72485E+01	 3.00517E+01	 3.80693E+01	 3.67495E+01	 3.75517E+01	 3.65525E+01	 3.64368E+01	 3.14548E+01	 3.69725E+01	 4.60121E+01	 3.84263E+01	 3.47202E+01	 3.59567E+01	 3.58789E+01	 3.70301E+01	 3.38627E+01	 2.92482E+01	 3.38174E+01	 3.67160E+01	 3.64649E+01	 3.72225E+01
 3.26558E+01	 3.05339E+01	 3.05339E+01	 2.69363E+01	 2.90175E+01	 2.98870E+01	 3.21611E+01	 3.14954E+01	 2.95262E+01	 3.10693E+01	 2.95780E+01	 2.95523E+01	 3.22814E+01	 3.58094E+01	 3.51908E+01	 3.93964E+01	 3.54070E+01	 3.33540E+01	 3.17160E+01	 3.49713E+01	 3.46701E+01	 4.78420E+01	 4.03348E+01	 4.14006E+01	 3.42711E+01	 3.44833E+01	 3.67177E+01	 3.47454E+01	 3.29187E+01	 2.97711E+01	 3.04111E+01	 3.25843E+01	 3.12229E+01	 2.91207E+01	 2.96207E+01	 3.18434E+01	 3.09644E+01	 3.19920E+01	 3.22621E+01	 2.95030E+01	 3.08626E+01	 2.87624E+01	 3.09660E+01	 3.41827E+01	 3.36868E+01	 3.88554E+01	 3.66717E+01	 3.43327E+01	 3.74320E+01	 4.15006E+01	 3.82478E+01	 3.34365E+01	 2.88263E+01	 2.97101E+01	 3.38540E+01	 3.82506E+01	 3.94573E+01	 3.67506E+01	 3.38546E+01	 3.56446E+01	 4.34450E+01
 3.57924E+01	 3.95467E+01	 3.56467E+01	 3.44770E+01	 3.10693E+01	 2.68678E+01	 2.56871E+01	 2.66727E+01	 2.94915E+01	 3.12413E+01	 3.36780E+01	 3.86832E+01	 2.88151E+01	 3.02543E+01	 3.84669E+01	 3.47689E+01	 3.47166E+01	 3.51733E+01	 3.34833E+01	 3.66900E+01	 4.01646E+01	 4.57873E+01	 4.61072E+01	 3.90075E+01	 4.20266E+01	 4.09026E+01	 3.76568E+01	 3.83728E+01	 3.14912E+01	 3.07316E+01	 3.01380E+01	 3.31483E+01	 3.02839E+01	 2.95260E+01	 2.74862E+01	 3.07160E+01	 3.38113E+01	 3.03705E+01	 3.28916E+01	 3.32801E+01	 2.99969E+01	 3.22543E+01	 3.51826E+01	 2.98547E+01	 3.29053E+01	 3.43358E+01	 3.60674E+01	 3.62351E+01	 3.11798E+01	 3.19973E+01	 3.42476E+01	 3.15517E+01	 3.35392E+01	 3.11777E+01	 3.09940E+01	 3.42451E+01	 3.84408E+01	 4.29662E+01	 3.73518E+01	 3.44314E+01	 3.23662E+01
 3.80433E+01	 3.98733E+01	 3.74974E+01	 3.68809E+01	 3.84487E+01	 2.98285E+01	 3.05997E+01	 2.63916E+01	 3.09573E+01	 3.44111E+01	 2.89365E+01	 3.84982E+01	 3.11832E+01	 2.65332E+02	 8.06615E+02	 5.39572E+02	 4.16295E+01	 4.22742E+01	 4.02742E+01	 4.09428E+01	 3.84945E+01	 4.52086E+01	 4.88466E+01	 4.48691E+01	 4.32109E+01	 3.48362E+01	 3.90029E+01	 3.51624E+01	 2.96832E+01	 3.40393E+01	 3.28795E+01	 3.31295E+01	 3.08705E+01	 3.33946E+01	 3.36596E+01	 3.38283E+01	 3.86164E+01	 3.50510E+01	 3.06820E+01	 3.00230E+01	 3.17864E+01	 2.94492E+01	 3.09029E+01	 2.98450E+01	 3.24954E+01	 3.68540E+01	 4.47853E+01	 3.61701E+01	 3.18825E+01	 3.53825E+01	 3.07412E+01	 3.07982E+01	 2.77073E+01	 3.24111E+01	 2.97101E+01	 3.03285E+01	 3.30386E+01	 3.43453E+01	 3.21947E+01	 2.83645E+01	 3.55663E+01
 3.64579E+01	 3.76271E+01	 3.70728E+01	 3.96127E+01	 4.21868E+01	 3.68727E+01	 3.23727E+01	 3.11225E+01	 3.12577E+01	 3.35693E+01	 3.23453E+01	 3.09217E+01	 3.32493E+01	 3.63727E+01	 4.47247E+01	 4.30111E+01	 4.90634E+01	 4.44640E+01	 3.69307E+01	 4.26826E+01	 4.24456E+01	 4.89036E+01	 5.29027E+01	 4.98307E+01	 4.66994E+01	 4.26426E+01	 4.45121E+01	 4.08113E+01	 3.24732E+01	 3.30654E+01	 3.08815E+01	 3.53036E+01	 3.14069E+01	 3.09873E+01	 3.52546E+01	 3.52982E+01	 3.19669E+01	 3.24725E+01	 3.44307E+01	 3.71222E+01	 3.89432E+01	 3.83554E+01	 3.01738E+01	 3.81987E+01	 4.04987E+01	 3.64980E+01	 3.65783E+01	 3.56958E+01	 3.81386E+01	 3.83856E+01	 3.69995E+01	 3.25693E+01	 3.53107E+01	 3.08416E+01	 3.03898E+01	 3.40780E+01	 3.35693E+01	 3.23333E+01	 3.07853E+01	 3.38973E+01	 3.51216E+01
 4.76560E+01	 4.24326E+01	 5.02048E+01	 4.73524E+01	 3.87371E+01	 4.34971E+01	 3.42506E+01	 2.85947E+01	 3.05785E+01	 2.84208E+01	 3.22011E+01	 3.43193E+01	 3.73020E+01	 4.57052E+01	 3.79409E+01	 4.06394E+01	 3.71988E+01	 3.91214E+01	 3.76993E+01	 5.59522E+01	 5.02340E+01	 5.28348E+01	 5.55241E+01	 4.68664E+01	 4.50788E+01	 5.73314E+01	 4.17860E+01	 4.04146E+01	 3.56777E+01	 3.98916E+01	 3.39639E+01	 3.82096E+01	 3.63266E+01	 3.88343E+01	 3.50934E+01	 4.31380E+01	 3.99940E+01	 4.03729E+01	 3.54053E+01	 3.93447E+01	 3.52847E+01	 3.41970E+01	 3.58263E+01	 3.19217E+01	 3.78825E+01	 3.53825E+01	 4.35551E+01	 3.44964E+01	 3.93901E+01	 4.01054E+01	 3.19973E+01	 3.20593E+01	 3.11577E+01	 3.50297E+01	 3.41229E+01	 3.25121E+01	 4.52080E+01	 4.27922E+01	 4.61807E+01	 3.21763E+01	 3.28009E+01
 4.53148E+01	 4.72748E+01	 4.24406E+01	 3.99201E+01	 3.55386E+01	 3.43645E+01	 3.95392E+01	 3.53464E+01	 3.00173E+01	 2.72500E+01	 2.67892E+01	 3.36506E+01	 2.95874E+01	 3.98193E+01	 4.67922E+01	 4.64789E+01	 3.40953E+01	 3.64987E+01	 4.32018E+01	 6.33675E+01	 5.83886E+01	 4.51306E+01	 3.77101E+01	 4.34217E+01	 4.96567E+01	 5.16627E+01	 4.36230E+01	 4.29669E+01	 3.73453E+01	 3.55339E+01	 4.08973E+01	 4.51806E+01	 4.32851E+01	 4.35750E+01	 3.17454E+01	 3.57593E+01	 3.39313E+01	 3.65393E+01	 3.44140E+01	 4.04195E+01	 3.27193E+01	 3.19660E+01	 3.58453E+01	 3.60211E+01	 3.45526E+01	 3.41394E+01	 3.62085E+01	 3.67940E+01	 3.41380E+01	 3.33973E+01	 3.72073E+01	 3.74987E+01	 3.82316E+01	 4.05536E+01	 2.61863E+01	 3.61640E+01	 3.70607E+01	 4.85213E+01	 3.95582E+01	 4.37247E+01	 3.42080E+01
 3.86717E+01	 4.33627E+01	 4.34538E+01	 3.88113E+01	 3.02114E+01	 3.17485E+01	 3.18742E+01	 3.60393E+01	 3.88916E+01	 4.26868E+01	 4.01901E+01	 3.57951E+01	 3.27593E+01	 4.08494E+01	 4.65044E+01	 3.36769E+01	 3.75874E+01	 3.63464E+01	 3.63633E+01	 4.77000E+01	 5.73806E+01	 5.20582E+01	 4.19401E+01	 4.79747E+01	 4.07982E+01	 4.51393E+01	 4.57413E+01	 5.09233E+01	 3.75382E+01	 3.76154E+01	 4.37797E+01	 5.00721E+01	 3.86780E+01	 4.35874E+01	 3.56380E+01	 3.39053E+01	 3.22711E+01	 3.25301E+01	 3.48540E+01	 2.93773E+01	 2.91965E+01	 3.49869E+01	 2.92801E+01	 3.18280E+01	 2.84280E+01	 3.48727E+01	 3.20516E+01	 3.67038E+01	 3.55842E+01	 3.41325E+01	 3.35721E+01	 3.84985E+01	 3.17771E+01	 3.48976E+01	 3.07485E+01	 4.23273E+01	 4.19725E+01	 3.81054E+01	 4.11018E+01	 3.29251E+01	 3.79280E+01
 4.30843E+01	 3.78745E+01	 3.68266E+01	 3.76227E+01	 3.14731E+01	 3.19187E+01	 4.07160E+01	 4.05433E+01	 4.13094E+01	 4.36499E+01	 4.50634E+01	 4.24319E+01	 4.34789E+01	 4.05503E+01	 4.30186E+01	 3.99891E+01	 3.50976E+01	 3.56227E+01	 4.34127E+01	 4.23685E+01	 4.27342E+01	 4.34307E+01	 3.19702E+01	 3.55010E+01	 3.75305E+01	 4.13026E+01	 4.22480E+01	 4.01993E+01	 3.73540E+01	 3.92846E+01	 4.05509E+01	 4.11133E+01	 4.68711E+01	 4.43136E+01	 3.69695E+01	 3.55184E+01	 4.31687E+01	 3.18916E+01	 3.79277E+01	 3.09639E+01	 2.68144E+01	 3.27316E+01	 3.01315E+01	 3.03819E+01	 2.92596E+01	 3.58343E+01	 3.85131E+01	 3.24227E+01	 3.69146E+01	 3.62080E+01	 3.88373E+01	 3.75884E+01	 3.18154E+01	 3.46868E+01	 3.64068E+01	 2.78416E+01	 3.29332E+01	 3.33148E+01	 3.61898E+01	 3.17689E+01	 3.33627E+01
 3.36738E+01	 3.62224E+01	 3.28453E+01	 3.46987E+01	 3.73193E+01	 3.80607E+01	 3.84998E+01	 4.05934E+01	 4.51040E+01	 4.34662E+01	 3.90636E+01	 3.30167E+01	 3.85960E+01	 4.54580E+01	 3.83026E+01	 3.50700E+01	 3.82940E+01	 3.99307E+01	 4.58476E+01	 4.01145E+01	 3.50381E+01	 3.76993E+01	 4.17879E+01	 3.84580E+01	 3.89406E+01	 3.38174E+01	 3.34187E+01	 3.45909E+01	 3.37225E+01	 4.71416E+01	 4.21687E+01	 3.71447E+01	 5.07741E+01	 5.25181E+01	 4.62417E+01	 3.77886E+01	 3.47101E+01	 3.08547E+01	 3.15297E+01	 2.94978E+01	 2.94458E+01	 3.09488E+01	 3.36687E+01	 3.25934E+01	 3.17924E+01	 3.12631E+01	 2.83280E+01	 3.72853E+01	 3.76306E+01	 4.20013E+01	 4.68103E+01	 3.69940E+01	 3.29985E+01	 3.54400E+01	 3.15467E+01	 3.13280E+01	 2.88312E+01	 3.44006E+01	 4.63735E+01	 3.83735E+01	 3.62307E+01
 3.61587E+01	 3.39356E+01	 3.37362E+01	 4.05674E+01	 3.45551E+01	 3.45347E+01	 3.77542E+01	 4.36777E+01	 3.84096E+01	 3.07839E+01	 3.25780E+01	 3.38886E+01	 3.91302E+01	 3.57617E+01	 3.07462E+01	 3.25715E+01	 3.63433E+01	 3.92079E+01	 3.41992E+01	 3.57967E+01	 3.05433E+01	 3.14140E+01	 3.40339E+01	 3.62593E+01	 3.46992E+01	 2.88802E+01	 3.11646E+01	 3.42801E+01	 3.83082E+01	 3.95397E+01	 3.40476E+01	 3.78107E+01	 4.30490E+01	 4.46302E+01	 4.40720E+01	 3.49585E+01	 3.28973E+01	 3.46061E+01	 3.48193E+01	 3.33554E+01	 3.09535E+01	 3.32324E+01	 3.01868E+01	 2.75413E+01	 2.57038E+01	 3.23589E+01	 3.32229E+01	 3.35000E+01	 3.42350E+01	 4.28348E+01	 4.17077E+01	 3.08800E+01	 3.03453E+01	 3.41386E+01	 3.73722E+01	 3.66695E+01	 3.39487E+01	 3.56570E+01	 3.79850E+01	 4.41906E+01	 4.01733E+01
 3.06238E+01	 3.44759E+01	 4.18946E+01	 3.99398E+01	 3.72079E+01	 3.91146E+01	 3.89470E+01	 3.89856E+01	 3.17617E+01	 3.23725E+01	 3.31640E+01	 3.65934E+01	 3.07801E+01	 2.90536E+01	 3.53174E+01	 4.09171E+01	 4.43986E+01	 3.49920E+01	 3.40297E+01	 3.27491E+01	 3.02489E+01	 2.81570E+01	 3.12473E+01	 3.43009E+01	 3.64833E+01	 3.26127E+01	 3.76989E+01	 3.53179E+01	 3.64450E+01	 3.61738E+01	 3.56820E+01	 3.83664E+01	 4.64127E+01	 4.37259E+01	 3.76906E+01	 3.49535E+01	 4.04323E+01	 3.77374E+01	 4.18433E+01	 3.80636E+01	 3.54488E+01	 3.95512E+01	 3.35693E+01	 3.04660E+01	 2.75173E+01	 3.18751E+01	 3.74987E+01	 3.43409E+01	 3.60211E+01	 4.30382E+01	 4.49280E+01	 4.32967E+01	 4.00764E+01	 3.78103E+01	 3.75467E+01	 3.39111E+01	 3.26288E+01	 3.27076E+01	 3.37975E+01	 3.60353E+01	 3.61356E+01
 3.71560E+01	 3.09335E+01	 3.41950E+01	 3.51832E+01	 3.26993E+01	 3.04736E+01	 3.15666E+01	 3.19573E+01	 3.48800E+01	 3.73086E+01	 3.34807E+01	 3.33367E+01	 3.40433E+01	 3.17631E+01	 3.79660E+01	 3.51738E+01	 3.26043E+01	 2.95588E+01	 3.16577E+01	 3.52369E+01	 3.09077E+01	 2.41777E+01	 2.56570E+01	 3.06738E+01	 3.25440E+01	 4.09880E+01	 4.19699E+01	 3.87079E+01	 3.42853E+01	 3.53716E+01	 3.53711E+01	 3.69959E+01	 4.18946E+01	 3.76612E+01	 4.25273E+01	 3.93800E+01	 3.33453E+01	 3.62638E+01	 4.14036E+01	 4.19518E+01	 4.28664E+01	 3.65526E+01	 3.10711E+01	 3.04077E+01	 3.17933E+01	 3.21553E+01	 3.10382E+01	 3.23163E+01	 3.70301E+01	 4.04567E+01	 3.48416E+01	 3.66235E+01	 3.59146E+01	 3.39070E+01	 3.40785E+01	 3.40693E+01	 3.20780E+01	 3.29096E+01	 3.10339E+01	 3.37177E+01	 3.03358E+01
 3.08731E+01	 3.13614E+01	 3.54759E+01	 3.39973E+01	 3.59238E+01	 3.27164E+01	 3.94456E+01	 3.90093E+01	 3.79350E+01	 4.47259E+01	 3.63742E+01	 3.74096E+01	 3.96970E+01	 3.74548E+01	 4.20636E+01	 3.77880E+01	 3.19740E+01	 3.40087E+01	 3.27797E+01	 3.20092E+01	 2.76273E+01	 2.98635E+01	 2.96653E+01	 3.15628E+01	 3.93179E+01	 3.74139E+01	 4.11627E+01	 4.19662E+01	 4.08200E+01	 4.00117E+01	 3.68017E+01	 3.93800E+01	 4.47853E+01	 4.23272E+01	 4.22805E+01	 3.45636E+01	 3.99323E+01	 3.70674E+01	 4.20170E+01	 4.06993E+01	 3.52482E+01	 3.31640E+01	 3.13967E+01	 3.46483E+01	 3.02839E+01	 2.87094E+01	 3.16926E+01	 3.01900E+01	 3.01386E+01	 3.68163E+01	 3.58711E+01	 3.87593E+01	 3.55433E+01	 3.33747E+01	 3.54976E+01	 3.57333E+01	 3.12593E+01	 3.61040E+01	 3.06553E+01	 3.05395E+01	 3.19987E+01
 3.30753E+01	 3.24076E+01	 3.59594E+01	 3.96865E+01	 3.98404E+01	 3.88012E+01	 4.25266E+01	 4.61908E+01	 3.97595E+01	 3.62680E+01	 3.62333E+01	 4.00339E+01	 4.13714E+01	 4.21506E+01	 4.10753E+01	 4.50424E+01	 4.40121E+01	 3.66570E+01	 3.22339E+01	 3.23802E+01	 3.35721E+01	 3.37333E+01	 3.04984E+01	 3.41236E+01	 3.95867E+01	 3.84217E+01	 5.38518E+01	 4.18671E+01	 4.00517E+01	 3.88554E+01	 3.16701E+01	 3.22321E+01	 4.12224E+01	 4.17096E+01	 3.53713E+01	 3.90382E+01	 3.05745E+01	 3.36235E+01	 3.83020E+01	 3.86416E+01	 3.71227E+01	 3.27845E+01	 2.81120E+01	 3.39247E+01	 3.55266E+01	 3.48179E+01	 3.19819E+01	 3.08856E+01	 3.23941E+01	 3.42232E+01	 3.79153E+01	 3.00010E+01	 2.91452E+01	 3.07762E+01	 3.19365E+01	 3.34920E+01	 3.38489E+01	 3.02474E+01	 3.23026E+01	 3.56227E+01	 3.25721E+01
 3.46797E+01	 3.50467E+01	 3.69573E+01	 3.87510E+01	 3.67224E+01	 4.85874E+01	 4.41214E+01	 4.09127E+01	 4.29995E+01	 3.31075E+01	 3.03200E+01	 3.61898E+01	 3.33453E+01	 3.98220E+01	 3.93614E+01	 4.55753E+01	 3.80867E+01	 3.65490E+01	 3.44227E+01	 3.33141E+01	 3.72173E+01	 3.06222E+01	 3.80607E+01	 3.40510E+01	 4.02120E+01	 4.61218E+01	 4.80512E+01	 4.00875E+01	 4.01853E+01	 3.75301E+01	 3.48128E+01	 3.13453E+01	 3.18450E+01	 3.66288E+01	 3.92485E+01	 3.56506E+01	 3.22413E+01	 3.89548E+01	 3.79974E+01	 3.93200E+01	 3.45127E+01	 3.45271E+01	 3.55462E+01	 3.70663E+01	 3.00720E+01	 3.99470E+01	 3.19982E+01	 3.22675E+01	 2.89111E+01	 3.14993E+01	 3.17500E+01	 3.33764E+01	 2.85607E+01	 3.07489E+01	 3.45785E+01	 3.18941E+01	 2.79332E+01	 2.91779E+01	 3.67940E+01	 3.43800E+01	 3.40124E+01
 3.82471E+01	 4.14450E+01	 4.06633E+01	 4.06963E+01	 3.82755E+01	 3.97471E+01	 4.06256E+01	 3.90663E+01	 3.91777E+01	 3.57458E+01	 4.08003E+01	 3.69678E+01	 2.93941E+01	 3.13023E+01	 3.25163E+01	 3.99195E+01	 3.37324E+01	 3.45812E+01	 3.19238E+01	 3.34980E+01	 3.88645E+01	 3.33051E+01	 3.11072E+01	 3.49862E+01	 4.00000E+01	 3.68908E+01	 4.31315E+01	 4.50613E+01	 3.88707E+01	 3.98476E+01	 3.05127E+01	 2.94985E+01	 3.10000E+01	 3.57495E+01	 4.11171E+01	 3.98082E+01	 3.64601E+01	 4.34798E+01	 3.88136E+01	 3.81433E+01	 3.14493E+01	 3.52712E+01	 3.19993E+01	 3.20753E+01	 3.41605E+01	 3.16325E+01	 3.25181E+01	 3.40276E+01	 3.24608E+01	 3.16262E+01	 3.01798E+01	 2.90386E+01	 3.10648E+01	 2.80138E+01	 2.65753E+01	 2.77621E+01	 3.14987E+01	 2.76102E+01	 3.05867E+01	 2.59277E+01	 3.29862E+01
 5.02345E+01	 4.43848E+01	 4.17513E+01	 3.90536E+01	 3.34585E+01	 2.90392E+01	 3.55271E+01	 3.52319E+01	 3.09732E+01	 3.59492E+01	 3.66526E+01	 2.98740E+01	 2.85934E+01	 3.35170E+01	 3.03115E+01	 3.08733E+01	 3.61564E+01	 3.79940E+01	 3.52202E+01	 3.68280E+01	 3.13540E+01	 3.52356E+01	 3.76738E+01	 3.88072E+01	 4.64127E+01	 4.90259E+01	 4.22506E+01	 3.77933E+01	 3.47542E+01	 3.18614E+01	 3.52229E+01	 3.62101E+01	 4.00382E+01	 4.20594E+01	 3.68193E+01	 4.35615E+01	 3.79971E+01	 5.25121E+01	 4.67199E+01	 4.13645E+01	 4.10891E+01	 3.66695E+01	 4.25933E+01	 3.63546E+01	 3.46653E+01	 3.86536E+01	 3.80093E+01	 3.08253E+01	 2.99251E+01	 3.28051E+01	 3.12035E+01	 3.13193E+01	 3.26325E+01	 2.87500E+01	 2.93983E+01	 3.34993E+01	 3.50255E+01	 3.17635E+01	 2.92489E+01	 3.25301E+01	 3.05433E+01
 3.34406E+01	 3.66989E+01	 3.96002E+01	 3.49956E+01	 3.17094E+01	 2.96178E+01	 2.86900E+01	 3.18009E+01	 3.12270E+01	 9.56807E+02	 6.08989E+02	 3.29631E+01	 3.35212E+01	 2.92875E+01	 3.05916E+01	 2.97232E+01	 3.30212E+01	 3.26568E+01	 2.96526E+01	 3.66483E+01	 2.99908E+01	 3.13020E+01	 3.52500E+01	 4.07139E+01	 4.33020E+01	 3.48367E+01	 3.24320E+01	 3.52990E+01	 3.35121E+01	 4.18193E+01	 4.02350E+01	 4.37892E+01	 4.35121E+01	 4.62440E+01	 4.20512E+01	 4.56733E+01	 3.99789E+01	 3.90848E+01	 3.91300E+01	 3.64406E+01	 4.06394E+01	 4.04789E+01	 3.89535E+01	 3.89880E+01	 3.91189E+01	 3.40180E+01	 3.73464E+01	 3.21807E+01	 3.09408E+01	 3.73148E+01	 3.56906E+01	 3.48003E+01	 3.33946E+01	 3.00858E+01	 3.11558E+01	 2.95433E+01	 3.40953E+01	 3.27801E+01	 2.96823E+01	 2.86235E+01	 2.94140E+01
 3.20783E+01	 3.55603E+01	 3.73103E+01	 3.75783E+01	 3.66560E+01	 3.39492E+01	 3.17362E+01	 2.99368E+01	 2.85482E+01	 3.22755E+01	 3.45663E+01	 3.36235E+01	 3.17420E+01	 3.17839E+01	 3.09954E+01	 2.84053E+01	 2.86777E+01	 3.09277E+01	 3.43404E+01	 2.94724E+01	 2.80482E+01	 2.90950E+01	 3.09140E+01	 3.34368E+01	 3.12712E+01	 3.14982E+01	 3.47506E+01	 3.32766E+01	 3.42967E+01	 3.97474E+01	 4.13518E+01	 4.08306E+01	 3.98731E+01	 4.48253E+01	 3.84313E+01	 3.46813E+01	 3.49368E+01	 3.26506E+01	 3.15720E+01	 3.55551E+01	 3.53433E+01	 3.49269E+01	 3.61164E+01	 3.81357E+01	 3.94832E+01	 3.36908E+01	 3.01040E+01	 3.14365E+01	 3.55121E+01	 3.71868E+01	 3.81473E+01	 3.33391E+01	 3.30266E+01	 3.16386E+01	 2.89401E+01	 2.99493E+01	 2.94585E+01	 2.83221E+01	 3.23391E+01	 2.85536E+01	 2.77875E+01
 2.83200E+01	 3.34577E+01	 3.62714E+01	 3.14960E+01	 3.21823E+01	 2.79400E+01	 3.19487E+01	 3.29573E+01	 3.04631E+01	 2.96047E+01	 3.00867E+01	 3.43627E+01	 3.85806E+01	 4.01738E+01	 3.59026E+01	 3.51271E+01	 3.34140E+01	 2.95301E+01	 3.30467E+01	 3.35509E+01	 3.18163E+01	 3.05510E+01	 3.31047E+01	 3.16865E+01	 2.93547E+01	 3.25780E+01	 2.81663E+01	 3.41300E+01	 4.04747E+01	 3.18735E+01	 3.02892E+01	 3.44401E+01	 3.54401E+01	 3.28727E+01	 3.15594E+01	 3.19594E+01	 3.72593E+01	 3.51220E+01	 3.26225E+01	 2.92801E+01	 3.13358E+01	 3.58148E+01	 3.66536E+01	 3.84036E+01	 3.43645E+01	 3.34677E+01	 3.17471E+01	 3.11231E+01	 3.43627E+01	 3.64060E+01	 3.66717E+01	 3.66646E+01	 3.95953E+01	 2.87333E+01	 2.94976E+01	 2.85953E+01	 3.16900E+01	 3.34187E+01	 3.07530E+01	 3.24724E+01	 3.59487E+01
 3.03886E+01	 3.51365E+01	 3.16339E+01	 3.43585E+01	 3.50211E+01	 3.66416E+01	 3.04195E+01	 2.84153E+01	 3.30673E+01	 3.13967E+01	 3.34140E+01	 3.74408E+01	 3.84662E+01	 3.80594E+01	 3.10121E+01	 3.21868E+01	 3.55180E+01	 3.02680E+01	 2.86447E+01	 2.81624E+01	 3.40353E+01	 3.26386E+01	 3.16040E+01	 3.21763E+01	 3.24862E+01	 3.10509E+01	 2.73280E+01	 3.20046E+01	 2.76059E+01	 3.02160E+01	 3.07606E+01	 2.74677E+01	 2.56295E+01	 2.98946E+01	 3.17473E+01	 3.11254E+01	 3.40950E+01	 3.83735E+01	 3.47621E+01	 3.26183E+01	 3.18747E+01	 2.92362E+01	 3.03115E+01	 3.38894E+01	 3.84078E+01	 3.33082E+01	 2.79862E+01	 3.16300E+01	 3.08718E+01	 3.25572E+01	 3.02270E+01	 3.26993E+01	 3.99309E+01	 3.27621E+01	 3.75551E+01	 3.71908E+01	 3.11560E+01	 3.43645E+01	 3.00339E+01	 3.39836E+01	 3.66988E+01
 3.69432E+01	 3.60964E+01	 3.40867E+01	 3.61423E+01	 4.13287E+01	 3.85386E+01	 3.47892E+01	 2.97232E+01	 3.75000E+01	 3.39026E+01	 3.76823E+01	 3.27474E+01	 3.76205E+01	 3.86230E+01	 3.34789E+01	 3.10121E+01	 3.20636E+01	 3.10663E+01	 3.80858E+01	 3.28094E+01	 3.78051E+01	 3.34195E+01	 3.22621E+01	 3.03312E+01	 3.07982E+01	 2.99487E+01	 4.25964E+01	 3.47197E+01	 3.36596E+01	 3.56446E+01	 3.43825E+01	 2.68550E+01	 2.66235E+01	 3.28627E+01	 3.96733E+01	 4.41127E+01	 3.85382E+01	 3.87139E+01	 3.89006E+01	 3.74277E+01	 3.64729E+01	 3.26568E+01	 3.14140E+01	 3.71568E+01	 3.51300E+01	 3.30763E+01	 2.63358E+01	 2.60170E+01	 3.16235E+01	 2.72247E+01	 3.16047E+01	 7.50828E+01	 1.95571E+02	 3.52307E+01	 3.10679E+01	 3.18113E+01	 3.85648E+01	 4.00874E+01	 3.48916E+01	 3.58916E+01	 3.77873E+01
 3.51386E+01	 4.00994E+01	 4.26061E+01	 3.38802E+01	 3.58026E+01	 3.88789E+01	 2.86672E+01	 3.28533E+01	 2.91183E+01	 3.27982E+01	 3.20884E+01	 3.37464E+01	 3.92686E+01	 3.67680E+01	 3.53082E+01	 3.15211E+01	 3.86596E+01	 3.67624E+01	 2.95211E+01	 3.24463E+01	 3.56433E+01	 3.17298E+01	 3.58082E+01	 2.74470E+01	 3.79096E+01	 3.58280E+01	 3.48200E+01	 4.37711E+01	 2.97561E+01	 3.40693E+01	 2.82875E+01	 3.56213E+01	 3.38453E+01	 3.94195E+01	 4.50693E+01	 4.37500E+01	 4.94402E+01	 4.44493E+01	 4.48773E+01	 4.36596E+01	 3.87933E+01	 3.96823E+01	 3.19730E+01	 3.52839E+01	 3.59238E+01	 2.81300E+01	 3.35607E+01	 2.89201E+01	 3.62085E+01	 3.16900E+01	 3.03967E+01	 3.26987E+01	 3.61127E+01	 3.17898E+01	 3.16823E+01	 4.34227E+01	 3.80607E+01	 3.28495E+01	 3.94724E+01	 3.92712E+01	 3.58179E+01
 3.57892E+01	 4.25904E+01	 3.99060E+01	 3.72832E+01	 4.06114E+01	 3.44920E+01	 3.72316E+01	 3.58705E+01	 3.46467E+01	 3.32766E+01	 3.38148E+01	 3.78946E+01	 3.84319E+01	 3.75100E+01	 3.93806E+01	 3.35806E+01	 3.33433E+01	 4.24398E+01	 3.28788E+01	 3.51763E+01	 3.77621E+01	 3.64792E+01	 3.84307E+01	 4.15301E+01	 3.44644E+01	 3.59984E+01	 3.25994E+01	 3.82476E+01	 3.77801E+01	 3.03749E+01	 2.73815E+01	 3.49339E+01	 3.61643E+01	 4.00301E+01	 3.84323E+01	 4.44747E+01	 5.57458E+01	 4.56446E+01	 3.76526E+01	 3.45000E+01	 4.47814E+01	 3.74408E+01	 3.20266E+01	 3.54649E+01	 3.17766E+01	 3.32711E+01	 3.95077E+01	 3.82575E+01	 4.15117E+01	 3.63540E+01	 3.54006E+01	 3.13220E+01	 3.61865E+01	 3.27240E+01	 2.67471E+01	 3.68941E+01	 4.63727E+01	 4.30950E+01	 3.46727E+01	 3.72319E+01	 3.44058E+01
 3.79355E+01	 4.43614E+01	 3.76611E+01	 3.17711E+01	 4.53174E+01	 3.53983E+01	 3.26900E+01	 3.47362E+01	 3.30916E+01	 3.85444E+01	 4.01950E+01	 3.75167E+01	 3.69036E+01	 3.29488E+01	 3.49060E+01	 3.24920E+01	 3.44492E+01	 3.23802E+01	 3.65422E+01	 3.37967E+01	 3.45858E+01	 3.68128E+01	 3.59153E+01	 4.07924E+01	 4.04408E+01	 3.49458E+01	 3.27771E+01	 2.87454E+01	 3.33129E+01	 2.77458E+01	 3.45934E+01	 3.12797E+01	 2.98464E+01	 3.08983E+01	 3.59475E+01	 3.26600E+01	 4.14036E+01	 3.95093E+01	 4.17895E+01	 3.55950E+01	 3.29915E+01	 3.50085E+01	 3.17546E+01	 3.43358E+01	 3.60786E+01	 3.27763E+01	 3.41865E+01	 3.90976E+01	 4.23200E+01	 4.34980E+01	 3.34314E+01	 3.36127E+01	 3.74078E+01	 2.97621E+01	 3.73738E+01	 2.77114E+01	 3.00087E+01	 3.47924E+01	 3.22755E+01	 2.65433E+01	 2.95163E+01
 3.33384E+01	 3.52846E+01	 2.78991E+01	 2.91441E+01	 3.85520E+01	 3.58367E+01	 3.76900E+01	 2.72333E+01	 3.28832E+01	 3.29289E+01	 3.34539E+01	 4.04856E+01	 3.99856E+01	 4.21611E+01	 3.33497E+01	 3.46229E+01	 3.21832E+01	 4.30332E+01	 3.39398E+01	 3.24548E+01	 3.38614E+01	 3.63434E+01	 3.39987E+01	 3.28464E+01	 3.37087E+01	 3.32755E+01	 3.13250E+01	 3.39940E+01	 3.59851E+01	 3.22131E+01	 3.42362E+01	 2.92546E+01	 3.56314E+01	 3.87585E+01	 3.97237E+01	 3.33027E+01	 3.47850E+01	 3.17675E+01	 3.50260E+01	 3.64026E+01	 3.45525E+01	 3.55260E+01	 3.43880E+01	 3.68886E+01	 3.54535E+01	 3.48416E+01	 3.99669E+01	 3.39695E+01	 2.82178E+01	 3.45424E+01	 3.51398E+01	 3.36338E+01	 3.38742E+01	 2.69573E+01	 3.28375E+01	 3.06863E+01	 3.38793E+01	 3.11900E+01	 2.71639E+01	 3.31687E+01	 3.05085E+01
 3.30875E+01	 3.27882E+01	 2.70175E+01	 2.74601E+01	 2.84954E+01	 2.98946E+01	 3.20297E+01	 3.51112E+01	 3.54920E+01	 3.59458E+01	 3.55042E+01	 3.56398E+01	 3.94693E+01	 3.77162E+01	 3.69365E+01	 3.49195E+01	 3.70266E+01	 4.27853E+01	 3.70964E+01	 3.44732E+01	 3.31611E+01	 3.11611E+01	 3.34381E+01	 3.25594E+01	 2.84662E+01	 2.64463E+01	 2.79068E+01	 2.87886E+01	 3.22563E+01	 3.34339E+01	 2.92933E+01	 3.22096E+01	 3.07762E+01	 3.86356E+01	 3.51178E+01	 3.18404E+01	 2.96947E+01	 3.62853E+01	 3.69450E+01	 3.50467E+01	 3.96640E+01	 3.35347E+01	 3.14585E+01	 3.46309E+01	 3.12094E+01	 3.37755E+01	 3.10255E+01	 3.31047E+01	 3.09077E+01	 3.18941E+01	 2.99913E+01	 3.38788E+01	 3.14400E+01	 3.44573E+01	 3.15779E+01	 3.07711E+01	 3.16839E+01	 3.09401E+01	 2.88464E+01	 2.91570E+01	 3.01865E+01
 3.20006E+01	 3.44332E+01	 3.16751E+01	 3.00350E+01	 3.00877E+01	 3.27673E+01	 3.47673E+01	 3.51238E+01	 3.44487E+01	 3.13726E+01	 3.39111E+01	 3.40124E+01	 3.47675E+01	 3.63596E+01	 3.71701E+01	 3.72940E+01	 3.40211E+01	 3.29870E+01	 3.60126E+01	 3.84139E+01	 3.21751E+01	 3.10779E+01	 3.28450E+01	 3.61040E+01	 3.63886E+01	 3.23221E+01	 3.23312E+01	 3.07489E+01	 3.62484E+01	 3.69856E+01	 3.49463E+01	 3.20347E+01	 3.33678E+01	 3.38433E+01	 3.44759E+01	 3.15753E+01	 2.93124E+01	 3.44332E+01	 4.32077E+01	 4.28627E+01	 4.17967E+01	 4.26506E+01	 4.55916E+01	 4.02875E+01	 3.60339E+01	 4.00301E+01	 4.28973E+01	 3.85353E+01	 3.13279E+01	 3.02101E+01	 2.92362E+01	 2.92847E+01	 3.04313E+01	 3.22506E+01	 3.35964E+01	 3.40663E+01	 3.08898E+01	 2.95297E+01	 2.76226E+01	 3.00953E+01	 3.08193E+01
 3.64492E+01	 3.25339E+01	 2.77496E+01	 2.95063E+01	 3.29548E+01	 2.93740E+01	 3.00395E+01	 3.45779E+01	 3.60248E+01	 3.20648E+01	 3.19289E+01	 2.78946E+01	 3.24913E+01	 4.17388E+01	 4.16256E+01	 4.03903E+01	 4.00476E+01	 4.08735E+01	 3.36242E+01	 3.33728E+01	 3.08026E+01	 3.27990E+01	 3.05720E+01	 2.89450E+01	 3.04064E+01	 3.08193E+01	 3.21300E+01	 3.94991E+01	 3.40520E+01	 3.13537E+01	 3.14601E+01	 3.01868E+01	 2.91687E+01	 2.89976E+01	 2.97103E+01	 2.76671E+01	 3.26992E+01	 3.32077E+01	 3.80990E+01	 3.71717E+01	 4.30603E+01	 5.16177E+01	 4.60629E+01	 4.48245E+01	 4.59450E+01	 4.01235E+01	 3.63462E+01	 3.38540E+01	 3.33923E+01	 3.03747E+01	 2.67850E+01	 2.70127E+01	 2.97933E+01	 3.48193E+01	 3.67933E+01	 3.82673E+01	 3.32670E+01	 2.74153E+01	 3.05297E+01	 3.19548E+01	 3.13375E+01
 3.44133E+01	 3.30006E+01	 3.13279E+01	 3.34517E+01	 2.83377E+01	 2.97462E+01	 3.39070E+01	 2.70413E+01	 2.79573E+01	 3.23800E+01	 2.97487E+01	 2.88907E+01	 3.15260E+01	 3.45255E+01	 4.18094E+01	 4.03738E+01	 3.83163E+01	 3.56300E+01	 3.35904E+01	 3.73497E+01	 3.33547E+01	 3.77967E+01	 3.71751E+01	 3.44368E+01	 3.34742E+01	 3.73852E+01	 3.16177E+01	 2.78738E+01	 3.59313E+01	 3.33744E+01	 3.11356E+01	 3.12670E+01	 2.84991E+01	 3.14998E+01	 3.44971E+01	 3.56560E+01	 3.75786E+01	 3.79987E+01	 4.39849E+01	 4.42487E+01	 3.80750E+01	 3.67864E+01	 3.95920E+01	 3.90806E+01	 4.23088E+01	 4.45126E+01	 4.00976E+01	 3.72205E+01	 4.19833E+01	 3.74140E+01	 3.34865E+01	 3.34461E+01	 3.70811E+01	 3.39013E+01	 3.98348E+01	 3.98716E+01	 3.89971E+01	 3.49488E+01	 3.42079E+01	 3.27131E+01	 3.59998E+01
 3.22489E+01	 3.26467E+01	 3.38017E+01	 3.78554E+01	 3.63671E+01	 3.18685E+01	 3.37067E+01	 3.19535E+01	 3.59338E+01	 3.86942E+01	 3.63460E+01	 3.25833E+01	 3.81231E+01	 3.27839E+01	 3.73453E+01	 3.56663E+01	 3.32795E+01	 3.52617E+01	 3.36272E+01	 4.24964E+01	 4.19585E+01	 4.03037E+01	 4.77864E+01	 4.39850E+01	 3.50789E+01	 3.68036E+01	 3.92362E+01	 3.46710E+01	 3.31645E+01	 3.46568E+01	 3.06096E+01	 3.17673E+01	 3.32048E+01	 3.84309E+01	 4.14664E+01	 4.89620E+01	 3.70779E+01	 3.27464E+01	 3.21807E+01	 2.96695E+01	 3.24332E+01	 3.64450E+01	 3.70594E+01	 3.92120E+01	 4.04980E+01	 3.97467E+01	 3.57073E+01	 3.69940E+01	 3.86222E+01	 3.95582E+01	 3.25614E+01	 3.06813E+01	 4.08416E+01	 3.93283E+01	 4.14850E+01	 4.06216E+01	 3.45520E+01	 3.11692E+01	 3.42493E+01	 3.88809E+01	 3.70509E+01
 4.50843E+01	 4.69669E+01	 4.13709E+01	 4.69447E+01	 3.59313E+01	 3.24320E+01	 3.87454E+01	 4.70539E+01	 4.84027E+01	 4.04615E+01	 4.59947E+01	 3.48151E+01	 3.63273E+01	 3.36256E+01	 3.57491E+01	 3.07839E+01	 4.07224E+01	 3.46483E+01	 3.98916E+01	 4.31194E+01	 4.08295E+01	 4.32720E+01	 3.83281E+01	 3.87506E+01	 3.84971E+01	 3.37471E+01	 3.69330E+01	 3.60594E+01	 3.24936E+01	 2.83941E+01	 3.44601E+01	 2.90685E+01	 3.39660E+01	 3.73561E+01	 4.61220E+01	 4.00167E+01	 3.45325E+01	 4.33193E+01	 3.40772E+01	 2.95945E+01	 3.34705E+01	 3.20509E+01	 4.22073E+01	 3.43940E+01	 4.00693E+01	 3.51832E+01	 4.03773E+01	 3.53450E+01	 3.58026E+01	 3.79332E+01	 3.86224E+01	 3.34951E+01	 4.13999E+01	 3.95442E+01	 4.61356E+01	 4.36094E+01	 3.49827E+01	 3.43193E+01	 3.35509E+01	 4.63128E+01	 4.98628E+01
 3.76532E+01	 3.63200E+01	 4.69096E+01	 4.64323E+01	 4.10576E+01	 3.23220E+01	 3.59064E+01	 4.73286E+01	 3.80806E+01	 4.18727E+01	 4.00594E+01	 3.88736E+01	 3.39217E+01	 3.77886E+01	 3.60921E+01	 3.15994E+01	 3.93815E+01	 3.88733E+01	 4.04398E+01	 3.90403E+01	 5.84984E+01	 4.75692E+01	 4.54447E+01	 4.46238E+01	 3.90301E+01	 3.79738E+01	 4.03983E+01	 3.61868E+01	 3.37229E+01	 3.31908E+01	 2.89980E+01	 2.36778E+01	 3.38390E+01	 3.85753E+01	 4.01930E+01	 3.63312E+01	 3.52590E+01	 3.08114E+01	 4.23250E+01	 3.71826E+01	 3.37805E+01	 4.30117E+01	 3.29111E+01	 3.63713E+01	 3.17371E+01	 3.83136E+01	 4.17467E+01	 4.40006E+01	 3.49969E+01	 3.63707E+01	 3.00745E+01	 2.71259E+01	 3.11242E+01	 3.58803E+01	 3.71763E+01	 3.61356E+01	 3.74567E+01	 3.16043E+01	 3.32213E+01	 3.91695E+01	 4.11536E+01
 3.86754E+01	 3.77067E+01	 4.04908E+01	 3.62738E+01	 2.99985E+01	 3.20520E+01	 3.66154E+01	 3.51813E+01	 3.27362E+01	 3.78163E+01	 4.11738E+01	 4.77425E+01	 4.02247E+01	 4.00786E+01	 3.76351E+01	 3.85382E+01	 3.19221E+01	 4.37626E+01	 3.91289E+01	 3.80239E+01	 4.01570E+01	 4.18193E+01	 4.25517E+01	 4.59725E+01	 4.16646E+01	 4.78724E+01	 3.62270E+01	 3.78524E+01	 3.46506E+01	 3.06231E+01	 3.37160E+01	 3.02362E+01	 3.37711E+01	 3.11055E+01	 3.34993E+01	 4.14217E+01	 4.06295E+01	 4.03367E+01	 3.86777E+01	 3.98220E+01	 3.93901E+01	 3.62225E+01	 2.99195E+01	 3.32711E+01	 3.24203E+01	 3.46103E+01	 3.88705E+01	 3.71865E+01	 3.35509E+01	 3.85353E+01	 3.61557E+01	 3.68010E+01	 3.73072E+01	 3.62738E+01	 3.61570E+01	 3.49548E+01	 4.38013E+01	 4.31900E+01	 4.10364E+01	 4.52860E+01	 4.95610E+01
 4.36238E+01	 3.81249E+01	 2.91579E+01	 3.35663E+01	 3.14993E+01	 3.43747E+01	 3.55875E+01	 3.58886E+01	 3.71733E+01	 4.24406E+01	 4.09759E+01	 4.25950E+01	 4.57487E+01	 4.59976E+01	 3.89971E+01	 3.73554E+01	 3.34006E+01	 3.44908E+01	 3.34548E+01	 3.40255E+01	 3.49217E+01	 3.84406E+01	 3.97846E+01	 3.77458E+01	 4.13980E+01	 4.50006E+01	 3.56844E+01	 3.26247E+01	 3.27451E+01	 3.07484E+01	 3.52096E+01	 3.54888E+01	 3.61947E+01	 3.25386E+01	 3.46560E+01	 3.95909E+01	 4.37711E+01	 4.12797E+01	 4.03547E+01	 3.21441E+01	 3.62316E+01	 3.05895E+01	 2.68349E+01	 3.20255E+01	 3.32073E+01	 3.66560E+01	 3.92225E+01	 3.61564E+01	 4.08385E+01	 3.48633E+01	 1.25255E+02	 3.81730E+01	 3.51926E+01	 3.61688E+01	 3.59548E+01	 2.99770E+01	 3.03311E+01	 3.81751E+01	 3.66178E+01	 3.71226E+01	 4.21820E+01
 3.14280E+01	 3.09081E+01	 3.56240E+01	 3.24400E+01	 3.89573E+01	 3.59139E+01	 4.11826E+01	 3.98403E+01	 3.59233E+01	 3.97853E+01	 4.02224E+01	 3.85806E+01	 4.11309E+01	 4.21483E+01	 3.72160E+01	 3.79076E+01	 3.39954E+01	 3.29770E+01	 3.49985E+01	 3.40654E+01	 3.28713E+01	 3.19447E+01	 3.61272E+01	 3.54920E+01	 4.33374E+01	 4.23724E+01	 3.65351E+01	 3.46171E+01	 3.85648E+01	 4.25266E+01	 3.91145E+01	 3.74187E+01	 3.39912E+01	 3.00301E+01	 3.71733E+01	 3.28439E+01	 3.46289E+01	 3.64166E+01	 4.49408E+01	 3.98174E+01	 3.43901E+01	 3.38705E+01	 3.33072E+01	 2.76054E+01	 2.85891E+01	 3.25093E+01	 3.74332E+01	 3.55121E+01	 3.53144E+01	 3.44982E+01	 3.12493E+01	 2.97327E+01	 2.94068E+01	 2.93916E+01	 2.92362E+01	 3.03367E+01	 3.32967E+01	 3.52073E+01	 3.30953E+01	 3.21908E+01	 3.48433E+01
 3.78825E+01	 3.35030E+01	 3.31963E+01	 3.44987E+01	 3.20651E+01	 3.80301E+01	 4.20015E+01	 3.79945E+01	 3.67324E+01	 4.17514E+01	 4.10539E+01	 3.86040E+01	 4.09006E+01	 3.87259E+01	 3.89070E+01	 3.48524E+01	 2.92587E+01	 2.96778E+01	 3.48413E+01	 3.29313E+01	 3.11653E+01	 3.17839E+01	 2.78733E+01	 3.34980E+01	 3.27485E+01	 3.62847E+01	 3.15780E+01	 3.43964E+01	 3.58373E+01	 3.76046E+01	 3.30909E+01	 3.55211E+01	 3.66987E+01	 3.14747E+01	 3.07489E+01	 3.78745E+01	 2.99470E+01	 2.65814E+01	 3.00666E+01	 4.15211E+01	 3.97048E+01	 3.43814E+01	 3.71780E+01	 3.24492E+01	 3.31256E+01	 3.64705E+01	 3.49068E+01	 3.21506E+01	 3.40812E+01	 3.70347E+01	 3.32755E+01	 3.34068E+01	 2.89227E+01	 2.96754E+01	 3.38744E+01	 3.47048E+01	 3.67160E+01	 3.78193E+01	 3.92319E+01	 3.93072E+01	 3.57289E+01
 3.69187E+01	 3.60180E+01	 3.43901E+01	 3.66926E+01	 3.38832E+01	 3.51145E+01	 3.37374E+01	 3.56177E+01	 3.50353E+01	 4.00953E+01	 3.58476E+01	 3.63306E+01	 3.98136E+01	 3.58163E+01	 3.55240E+01	 3.61553E+01	 3.39729E+01	 3.08020E+01	 3.35582E+01	 3.39770E+01	 3.38678E+01	 3.06506E+01	 3.16710E+01	 3.09693E+01	 3.65997E+01	 3.33726E+01	 3.42738E+01	 3.75648E+01	 4.05648E+01	 3.52464E+01	 3.79956E+01	 3.26309E+01	 3.47886E+01	 3.44201E+01	 3.74368E+01	 3.50663E+01	 2.93540E+01	 3.03413E+01	 2.92755E+01	 3.61687E+01	 3.45867E+01	 2.84146E+01	 3.51733E+01	 3.93627E+01	 3.81950E+01	 3.70721E+01	 3.26233E+01	 2.85654E+01	 3.14077E+01	 3.34971E+01	 3.01827E+01	 2.87388E+01	 2.85175E+01	 3.38596E+01	 3.47149E+01	 3.42982E+01	 3.60271E+01	 3.92913E+01	 3.21440E+01	 3.67224E+01	 4.14355E+01
 3.54573E+01	 3.11096E+01	 3.38032E+01	 3.31865E+01	 2.93094E+01	 3.37617E+01	 3.36527E+01	 4.44535E+01	 3.68773E+01	 4.22459E+01	 4.35061E+01	 3.62851E+01	 3.80167E+01	 3.58202E+01	 3.58738E+01	 3.23343E+01	 3.35688E+01	 3.77149E+01	 3.95526E+01	 3.36227E+01	 3.67624E+01	 3.72913E+01	 3.05594E+01	 3.19111E+01	 2.99363E+01	 3.18614E+01	 3.19920E+01	 3.80170E+01	 3.47673E+01	 3.57458E+01	 3.60392E+01	 3.71526E+01	 3.24081E+01	 3.51987E+01	 3.05510E+01	 2.90666E+01	 3.76568E+01	 3.32797E+01	 3.57177E+01	 3.58986E+01	 3.40167E+01	 3.71233E+01	 3.59993E+01	 3.86040E+01	 3.80779E+01	 3.45392E+01	 3.26423E+01	 3.77362E+01	 3.37755E+01	 3.36238E+01	 3.33375E+01	 3.44642E+01	 3.19601E+01	 3.83020E+01	 4.10607E+01	 4.08916E+01	 3.61751E+01	 3.84426E+01	 3.78023E+01	 3.92673E+01	 3.74313E+01
 3.05360E+01	 2.96231E+01	 3.13678E+01	 3.82247E+01	 3.52169E+01	 3.28221E+01	 3.46717E+01	 3.73033E+01	 4.53376E+01	 4.06534E+01	 5.10204E+01	 3.76295E+01	 3.39874E+01	 3.46695E+01	 4.60654E+01	 3.48941E+01	 3.63547E+01	 3.67410E+01	 3.31865E+01	 3.17924E+01	 4.02333E+01	 4.51309E+01	 3.74458E+01	 3.29601E+01	 3.74993E+01	 4.01416E+01	 3.34639E+01	 3.36220E+01	 3.86993E+01	 3.96958E+01	 3.70000E+01	 3.71227E+01	 3.26240E+01	 3.35006E+01	 3.91178E+01	 4.27506E+01	 4.00424E+01	 3.47388E+01	 3.19221E+01	 3.41171E+01	 4.22368E+01	 4.00729E+01	 4.12247E+01	 4.00909E+01	 4.13973E+01	 3.95700E+01	 3.70858E+01	 3.43358E+01	 3.34908E+01	 3.67771E+01	 3.37585E+01	 3.58312E+01	 3.56777E+01	 3.53211E+01	 3.40607E+01	 3.56727E+01	 3.59458E+01	 3.60170E+01	 4.02101E+01	 3.11271E+01	 3.76970E+01
 3.53253E+01	 3.26338E+01	 3.43865E+01	 4.01701E+01	 3.58193E+01	 2.80648E+01	 3.64192E+01	 3.68416E+01	 3.63671E+01	 3.79450E+01	 4.49552E+01	 3.41881E+01	 3.83236E+01	 3.61855E+01	 3.74978E+01	 3.18838E+01	 3.48596E+01	 3.16491E+01	 3.29339E+01	 3.38129E+01	 3.81950E+01	 4.51213E+01	 4.34594E+01	 3.74713E+01	 3.46695E+01	 3.57886E+01	 3.93439E+01	 3.20413E+01	 4.26813E+01	 4.20745E+01	 4.00846E+01	 4.07467E+01	 3.40964E+01	 3.21386E+01	 3.24962E+01	 3.78967E+01	 3.87801E+01	 4.09870E+01	 4.13148E+01	 4.36171E+01	 3.61247E+01	 3.96522E+01	 4.06440E+01	 3.99078E+01	 3.88809E+01	 3.76247E+01	 3.88020E+01	 4.14313E+01	 4.03042E+01	 3.87373E+01	 3.68771E+01	 3.52150E+01	 3.56314E+01	 3.11576E+01	 3.38773E+01	 3.51579E+01	 4.03735E+01	 3.80551E+01	 3.79601E+01	 3.66047E+01	 3.93017E+01
